start=7039.301000
speed=1.000080
fullscreen=yes
sid=1
sub-visibility=no
