start=445.612000
speed=1.331053
fullscreen=yes
