start=6840.917417
speed=1.100011
fullscreen=yes
