start=7048.374667
speed=1.331160
fullscreen=yes
