start=46.713000
speed=1.100000
sid=1
